name: 40_OTA_three
benchmark: 40_OTA_three
num_iters: 400
num_init: 10
parameters: null
# bounds: [[2.33e+1, 6.99e+1], [7.60e+2, 2.28e+3], [2.16e+2, 6.48e+2], [0.665e+3, 1.995e+3], [5.0e+2, 1.5e+3],[5.0e+2, 1.5e+3],[4528, 13584],[9.804e+0, 2.9412e+1],[9.72e+0, 2.916e+1], [4.28925e+1, 1.286775e+2], [1.29e+1, 3.87e+1], [4.5e+0, 1.35e+1] ]
# bounds: [[-10, 5], [-10, 10], [-5, 10], [-1, 10], [0, 1], [0, 1], [0, 1], [0, 1], [0, 1], [0, 1], [0, 1], [0, 1], [0, 1], [0, 1], [0, 1], [0, 1], [0, 1], [0, 1], [0, 1], [0, 1], [0, 1], [0, 1], [0, 1], [0, 1], [0, 1]]
# bounds: [[17.5,52.5],[9.0,27.0],[40.0,120.0],[10.0,30.0],[10.0,30.0],[50.0,150.0],[30.0,90.0],[30.0,90.0],[150.0,450.0],[6,18],[6,18],[5,15],[5,15],[5,15]]
bounds: [[2.93937304,8.81811912],[5.07493425,15.22480275],[5.0407617,15.1222851],[1.61319309,4.83957927],[2.5909373,7.7728119],[0.800950055,2.402850165],[1.62171169,4.86513507],[1.67316214,5.01948642],[1.69324935,5.07974805],[5.27276995,15.81830985],[2.41450238,7.24350714],[1.089832835,3.269498505],[1.187657875,3.562973625],[3.60722225,10.82166675],[1.5418581,4.6255743],[5,15],[5,15],[5,15],[5,15],[5,15],[5,15],[5,15],[5,15],[5,15]]
noise_std: 0.01